# Matter power spectrum P(k) at redshift z=0
# for k=1.09407e-05 to 1.13086 h/Mpc,
# number of wavenumbers equal to 601
#    1:k (h/Mpc)              2:P (Mpc/h)^3        
       1.094071754155e-05       3.725446765278e+01 
       2.447057873733e-05       8.218473000889e+01 
       3.805281904515e-05       1.268369435405e+02 
       5.172776674949e-05       1.715105295474e+02 
       6.553648439458e-05       2.164104211156e+02 
       7.952117258561e-05       2.617117835503e+02 
       9.372558795555e-05       3.075788634192e+02 
       1.081954813810e-04       3.541732596324e+02 
       1.229790625727e-04       4.016586416668e+02 
       1.381274971990e-04       4.502040330407e+02 
       1.536954426787e-04       4.999864540485e+02 
       1.697416286244e-04       5.511932944762e+02 
       1.863294875469e-04       6.040246020267e+02 
       2.035278406977e-04       6.586953613256e+02 
       2.214116426603e-04       7.154378439215e+02 
       2.400627862557e-04       7.745040392069e+02 
       2.595709661924e-04       8.361681844712e+02 
       2.800345952504e-04       9.007293503414e+02 
       3.015617601659e-04       9.685140640552e+02 
       3.242711951661e-04       1.039878878250e+03 
       3.482932386747e-04       1.115212753451e+03 
       3.737707224397e-04       1.194939096942e+03 
       4.008597217888e-04       1.279517218734e+03 
       4.297300708987e-04       1.369442862722e+03 
       4.605655186874e-04       1.465247443521e+03 
       4.935633714182e-04       1.567495500158e+03 
       5.289334415555e-04       1.676779787924e+03 
       5.668961057182e-04       1.793713479999e+03 
       6.076792775086e-04       1.918918890466e+03 
       6.515141356856e-04       2.053012349004e+03 
       6.986295269498e-04       2.196585110831e+03 
       7.492450940699e-04       2.350180657125e+03 
       8.035633628924e-04       2.514269261732e+03 
       8.617612384078e-04       2.689221481434e+03 
       9.239815729810e-04       2.875282743487e+03 
       9.903256247675e-04       3.072551692998e+03 
       1.060847263144e-03       3.280964969776e+03 
       1.135549660121e-03       3.500290626859e+03 
       1.214384930833e-03       3.730131380410e+03 
       1.297256800226e-03       3.969937906364e+03 
       1.384025963851e-03       4.219030337028e+03 
       1.474517474741e-03       4.476626215189e+03 
       1.568529297656e-03       4.741870955945e+03 
       1.665841150603e-03       5.013868586063e+03 
       1.766222876780e-03       5.291709811340e+03 
       1.869441801760e-03       5.574495864733e+03 
       1.975268767928e-03       5.861357618623e+03 
       2.083482750857e-03       6.151469790404e+03 
       2.193874122469e-03       6.444060181481e+03 
       2.306246726032e-03       6.738415862166e+03 
       2.420418975270e-03       7.033884972203e+03 
       2.536224197618e-03       7.329876604197e+03 
       2.653510424499e-03       7.625859342132e+03 
       2.772139801526e-03       7.921357457395e+03 
       2.891987757588e-03       8.215947436638e+03 
       3.012942039067e-03       8.509253916459e+03 
       3.134901686954e-03       8.800945117406e+03 
       3.257776011224e-03       9.090728889337e+03 
       3.381483598571e-03       9.378349130750e+03 
       3.505951375910e-03       9.663580826023e+03 
       3.631113742088e-03       9.946227057696e+03 
       3.756911773292e-03       1.022611636414e+04 
       3.883292502928e-03       1.050309965223e+04 
       4.010208273703e-03       1.077704747520e+04 
       4.137616157819e-03       1.104784842107e+04 
       4.265477440174e-03       1.131540641606e+04 
       4.393757159050e-03       1.157963999880e+04 
       4.522423698707e-03       1.184048034081e+04 
       4.651448428492e-03       1.209786890874e+04 
       4.780805383386e-03       1.235175851310e+04 
       4.910470981336e-03       1.260211079860e+04 
       5.040423773104e-03       1.284888746592e+04 
       5.170644220831e-03       1.309207210863e+04 
       5.301114501905e-03       1.333163184132e+04 
       5.431818335107e-03       1.356759311658e+04 
       5.562740826369e-03       1.379994066279e+04 
       5.693868331786e-03       1.402864746707e+04 
       5.825188335822e-03       1.425372646944e+04 
       5.956689342886e-03       1.447518353059e+04 
       6.088360780700e-03       1.469295999373e+04 
       6.220192914054e-03       1.490714270302e+04 
       6.352176767738e-03       1.511773785605e+04 
       6.484304057581e-03       1.532474557797e+04 
       6.616567128649e-03       1.552821245889e+04 
       6.748958899802e-03       1.572816289831e+04 
       6.881472813875e-03       1.592446202474e+04 
       7.014102792846e-03       1.611727239549e+04 
       7.146843197461e-03       1.630668178663e+04 
       7.279688790799e-03       1.649269234526e+04 
       7.412634705360e-03       1.667521362845e+04 
       7.545676413299e-03       1.685436908284e+04 
       7.678809699468e-03       1.703017779479e+04 
       7.812030636964e-03       1.720246650621e+04 
       7.945335564940e-03       1.737159666206e+04 
       8.078721068419e-03       1.753735399736e+04 
       8.212183959936e-03       1.769980671928e+04 
       8.345721262803e-03       1.785947551702e+04 
       8.479330195843e-03       1.801553683843e+04 
       8.613008159453e-03       1.816844572221e+04 
       8.746752722859e-03       1.831819950337e+04 
       8.880561612452e-03       1.846482375029e+04 
       9.014432701106e-03       1.860832822060e+04 
       9.148363998373e-03       1.874879095678e+04 
       9.282353641498e-03       1.888624194821e+04 
       9.416399887146e-03       1.902059890292e+04 
       9.550501103809e-03       1.915207286477e+04 
       9.684655764808e-03       1.928056325200e+04 
       9.818862441848e-03       1.940615940557e+04 
       9.953119799080e-03       1.952886707462e+04 
       1.008742658762e-02       1.964872683383e+04 
       1.022178164047e-02       1.976578169708e+04 
       1.035618386789e-02       1.988001002535e+04 
       1.049063225300e-02       1.999147297021e+04 
       1.062512584784e-02       2.010021824323e+04 
       1.075966376963e-02       2.020625476837e+04 
       1.089424519738e-02       2.030959313224e+04 
       1.102886936864e-02       2.041031799083e+04 
       1.116353557661e-02       2.050838074496e+04 
       1.129824316739e-02       2.060388091148e+04 
       1.143299153743e-02       2.069680457008e+04 
       1.156778013117e-02       2.078723799525e+04 
       1.170260843887e-02       2.087512210727e+04 
       1.183747599456e-02       2.096048692996e+04 
       1.197238237415e-02       2.104344045954e+04 
       1.210732719368e-02       2.112397381092e+04 
       1.224231010769e-02       2.120210035514e+04 
       1.237733080771e-02       2.127732256828e+04 
       1.251238902085e-02       2.135067991697e+04 
       1.264748450845e-02       2.142237844711e+04 
       1.278261706494e-02       2.149114794351e+04 
       1.291778651665e-02       2.155766529532e+04 
       1.305299272081e-02       2.162196195021e+04 
       1.318823556453e-02       2.168402219562e+04 
       1.332351496393e-02       2.174389409401e+04 
       1.345883086333e-02       2.180160352965e+04 
       1.359418323442e-02       2.185713529776e+04 
       1.372957207561e-02       2.190999769180e+04 
       1.386499741133e-02       2.196201444626e+04 
       1.400045929146e-02       2.201130054475e+04 
       1.413595779073e-02       2.205793797307e+04 
       1.427149300829e-02       2.210391247505e+04 
       1.440706506714e-02       2.214701768886e+04 
       1.454267411380e-02       2.218834527759e+04 
       1.467832031789e-02       2.222770123472e+04 
       1.481400387175e-02       2.226513780365e+04 
       1.494972499019e-02       2.229994209138e+04 
       1.508548391018e-02       2.233358214020e+04 
       1.522128089060e-02       2.236540347959e+04 
       1.535711621204e-02       2.239534576752e+04 
       1.549299017660e-02       2.242422796087e+04 
       1.562890310776e-02       2.245060451229e+04 
       1.576485535020e-02       2.247519876459e+04 
       1.590084726973e-02       2.249794968753e+04 
       1.603687925323e-02       2.251841676656e+04 
       1.617295170855e-02       2.253782454262e+04 
       1.630906506448e-02       2.255561940546e+04 
       1.644521977078e-02       2.257172749528e+04 
       1.658141629814e-02       2.258615439942e+04 
       1.671765513826e-02       2.259897609493e+04 
       1.685393680387e-02       2.261026298584e+04 
       1.699026182881e-02       2.261991864532e+04 
       1.712663076811e-02       2.262805679715e+04 
       1.726304419814e-02       2.263458293800e+04 
       1.739950271669e-02       2.263969081666e+04 
       1.753600694315e-02       2.264329353014e+04 
       1.767255751866e-02       2.264541767810e+04 
       1.780915510632e-02       2.264612472010e+04 
       1.794580039134e-02       2.264608937623e+04 
       1.808249408132e-02       2.264366999515e+04 
       1.821923690642e-02       2.264004767624e+04 
       1.835602961968e-02       2.263504028457e+04 
       1.849287299724e-02       2.262906315012e+04 
       1.862976783865e-02       2.262142364066e+04 
       1.876671496715e-02       2.261250480906e+04 
       1.890371523003e-02       2.260221850758e+04 
       1.904076949893e-02       2.259067360590e+04 
       1.917787867022e-02       2.257787060937e+04 
       1.931504366534e-02       2.256381308029e+04 
       1.945226543123e-02       2.254854622198e+04 
       1.958954494070e-02       2.253204710006e+04 
       1.972688319286e-02       2.251436584019e+04 
       1.986428121359e-02       2.249555729184e+04 
       2.000174005595e-02       2.247550977008e+04 
       2.013926080071e-02       2.245437361006e+04 
       2.027684455679e-02       2.243206373659e+04 
       2.041449246181e-02       2.240870012972e+04 
       2.055220568261e-02       2.238419662161e+04 
       2.068998541582e-02       2.235862767376e+04 
       2.082783288838e-02       2.233203424802e+04 
       2.096574935820e-02       2.230439448278e+04 
       2.110373611472e-02       2.227570114800e+04 
       2.124179447954e-02       2.224600846385e+04 
       2.137992580712e-02       2.221530403704e+04 
       2.151813148541e-02       2.218371678254e+04 
       2.165641293655e-02       2.215105068132e+04 
       2.179477161761e-02       2.211750132953e+04 
       2.193320902132e-02       2.208298077277e+04 
       2.207172667683e-02       2.204758829205e+04 
       2.221032615052e-02       2.201129390833e+04 
       2.234900904679e-02       2.197409747751e+04 
       2.248777700891e-02       2.193603623928e+04 
       2.262663171991e-02       2.189711709070e+04 
       2.276557490344e-02       2.185739209525e+04 
       2.290460832470e-02       2.181675122288e+04 
       2.304373379141e-02       2.177538149198e+04 
       2.318295315477e-02       2.173319060385e+04 
       2.332226831050e-02       2.169014092648e+04 
       2.346168119984e-02       2.164641599705e+04 
       2.360119381065e-02       2.160191793606e+04 
       2.374080817852e-02       2.155664371230e+04 
       2.388052638791e-02       2.151067355196e+04 
       2.402035057333e-02       2.146396920993e+04 
       2.416028292053e-02       2.141658520753e+04 
       2.430032566779e-02       2.136851444592e+04 
       2.444048110720e-02       2.131974649942e+04 
       2.458075158598e-02       2.127030100233e+04 
       2.472113950785e-02       2.122016122721e+04 
       2.486164733449e-02       2.116945668049e+04 
       2.500227758694e-02       2.111806116792e+04 
       2.514303284717e-02       2.106617248428e+04 
       2.528391575958e-02       2.101364615480e+04 
       2.542492903264e-02       2.096040801685e+04 
       2.556607544057e-02       2.090672318136e+04 
       2.570735782500e-02       2.085239165229e+04 
       2.584877909675e-02       2.079758351829e+04 
       2.599034223768e-02       2.074207901914e+04 
       2.613205030257e-02       2.068615797596e+04 
       2.627390642102e-02       2.062970752405e+04 
       2.641591379954e-02       2.057281926824e+04 
       2.655807572353e-02       2.051540531002e+04 
       2.670039555952e-02       2.045739195094e+04 
       2.684287675732e-02       2.039893917930e+04 
       2.698552285233e-02       2.034005102600e+04 
       2.712833746793e-02       2.028071743322e+04 
       2.727132431791e-02       2.022088800263e+04 
       2.741448720902e-02       2.016065766208e+04 
       2.755783004356e-02       2.009997116183e+04 
       2.770135682214e-02       2.003895182879e+04 
       2.784507164645e-02       1.997741491056e+04 
       2.798897872218e-02       1.991555123252e+04 
       2.813308236203e-02       1.985328380510e+04 
       2.827738698882e-02       1.979056900572e+04 
       2.842189713875e-02       1.972759604461e+04 
       2.856661746468e-02       1.966420915361e+04 
       2.871155273965e-02       1.960049378696e+04 
       2.885670786046e-02       1.953640463701e+04 
       2.900208785140e-02       1.947215537722e+04 
       2.914769786807e-02       1.940724895093e+04 
       2.929354320147e-02       1.934219074145e+04 
       2.943962928208e-02       1.927682536622e+04 
       2.958596168421e-02       1.921124956080e+04 
       2.973254613049e-02       1.914520665191e+04 
       2.987938849650e-02       1.907896732992e+04 
       3.002649481562e-02       1.901245417779e+04 
       3.017387128406e-02       1.894564691699e+04 
       3.032152426607e-02       1.887856019671e+04 
       3.046946029934e-02       1.881127802370e+04 
       3.061768610071e-02       1.874372390516e+04 
       3.076620857199e-02       1.867591804583e+04 
       3.091503480608e-02       1.860789456730e+04 
       3.106417209335e-02       1.853958931929e+04 
       3.121362792826e-02       1.847115624514e+04 
       3.136341001625e-02       1.840240275683e+04 
       3.151352628094e-02       1.833355975532e+04 
       3.166398487162e-02       1.826426554667e+04 
       3.181479417106e-02       1.819510519250e+04 
       3.196596280370e-02       1.812553603261e+04 
       3.211749964410e-02       1.805588020132e+04 
       3.226941382586e-02       1.798590329985e+04 
       3.242171475090e-02       1.791582532099e+04 
       3.257441209910e-02       1.784560648775e+04 
       3.272751583848e-02       1.777539508515e+04 
       3.288103623574e-02       1.770461710603e+04 
       3.303498386735e-02       1.763389201898e+04 
       3.318936963115e-02       1.756315021931e+04 
       3.334420475842e-02       1.749189238066e+04 
       3.349950082663e-02       1.742088230076e+04 
       3.365526977270e-02       1.734951779814e+04 
       3.381152390696e-02       1.727826753299e+04 
       3.396827592775e-02       1.720658314358e+04 
       3.412553893677e-02       1.713496192300e+04 
       3.428332645515e-02       1.706305135756e+04 
       3.444165244035e-02       1.699095171358e+04 
       3.460053130390e-02       1.691874587458e+04 
       3.475997793007e-02       1.684667375783e+04 
       3.492000769547e-02       1.677453124421e+04 
       3.508063648968e-02       1.670189750258e+04 
       3.524188073696e-02       1.662962947381e+04 
       3.540375741913e-02       1.655659087348e+04 
       3.556628409969e-02       1.648400027620e+04 
       3.572947894919e-02       1.641122640921e+04 
       3.589336077205e-02       1.633825504865e+04 
       3.605794903485e-02       1.626517751756e+04 
       3.622326389619e-02       1.619202773795e+04 
       3.638932623829e-02       1.611891537307e+04 
       3.655615770031e-02       1.604562094487e+04 
       3.672378071373e-02       1.597205317625e+04 
       3.689221853966e-02       1.589839315400e+04 
       3.706149530851e-02       1.582473402766e+04 
       3.723163606193e-02       1.575097719324e+04 
       3.740266679735e-02       1.567715008066e+04 
       3.757461451523e-02       1.560320393454e+04 
       3.774750726929e-02       1.552920784015e+04 
       3.792137421984e-02       1.545500644622e+04 
       3.809624569061e-02       1.538075914556e+04 
       3.827215322911e-02       1.530636793947e+04 
       3.844912967107e-02       1.523170520087e+04 
       3.862720920905e-02       1.515724059608e+04 
       3.880642746572e-02       1.508267456636e+04 
       3.898682157207e-02       1.500776313529e+04 
       3.916843025102e-02       1.493289070869e+04 
       3.935129390687e-02       1.485775465157e+04 
       3.953545472109e-02       1.478270522020e+04 
       3.972095675492e-02       1.470735734689e+04 
       3.990784605953e-02       1.463182342143e+04 
       4.009617079416e-02       1.455640214728e+04 
       4.028598135328e-02       1.448063728506e+04 
       4.047733050319e-02       1.440470905682e+04 
       4.067027352930e-02       1.432873189957e+04 
       4.086486839486e-02       1.425252298065e+04 
       4.106117591225e-02       1.417600459951e+04 
       4.125925992809e-02       1.409950884239e+04 
       4.145918752353e-02       1.402275675958e+04 
       4.166102923109e-02       1.394583400212e+04 
       4.186485926988e-02       1.386866491881e+04 
       4.207075580095e-02       1.379131991991e+04 
       4.227880120492e-02       1.371372175557e+04 
       4.248908238423e-02       1.363584088820e+04 
       4.270169109258e-02       1.355775677305e+04 
       4.291672429468e-02       1.347940379257e+04 
       4.313428455947e-02       1.340072721225e+04 
       4.335448049070e-02       1.332178651403e+04 
       4.357742719923e-02       1.324256541803e+04 
       4.380324682168e-02       1.316299504677e+04 
       4.403206909125e-02       1.308303526881e+04 
       4.426403196675e-02       1.300276866324e+04 
       4.449928232726e-02       1.292203608051e+04 
       4.473797674052e-02       1.284095238644e+04 
       4.498028231459e-02       1.275946202441e+04 
       4.522637764364e-02       1.267749285429e+04 
       4.547645386049e-02       1.259499226676e+04 
       4.573071581043e-02       1.251208750602e+04 
       4.598938336307e-02       1.242845494031e+04 
       4.625269288211e-02       1.234434291385e+04 
       4.652089887566e-02       1.225975260117e+04 
       4.679427585407e-02       1.217437118624e+04 
       4.707312042676e-02       1.208831671277e+04 
       4.735775367497e-02       1.200153271731e+04 
       4.764852384445e-02       1.191395594617e+04 
       4.794580940991e-02       1.182550494039e+04 
       4.825002257315e-02       1.173623413824e+04 
       4.856161326881e-02       1.164598950726e+04 
       4.888107376628e-02       1.155458976352e+04 
       4.920894397462e-02       1.146227650387e+04 
       4.954581757943e-02       1.136877629153e+04 
       4.989234916830e-02       1.127378661759e+04 
       5.024926253583e-02       1.117771351948e+04 
       5.061736040185e-02       1.107995823713e+04 
       5.099753583048e-02       1.098075945795e+04 
       5.139078570481e-02       1.087982178960e+04 
       5.179822669763e-02       1.077699937854e+04 
       5.222111428656e-02       1.067228198025e+04 
       5.266086549957e-02       1.056506776218e+04 
       5.311908625168e-02       1.045556365159e+04 
       5.359760435697e-02       1.034345057690e+04 
       5.409850958429e-02       1.022833395109e+04 
       5.462420248602e-02       1.011007397379e+04 
       5.517745418400e-02       9.988162341235e+03 
       5.576147986277e-02       9.862250754668e+03 
       5.638002940703e-02       9.731909335035e+03 
       5.703749941851e-02       9.596576342836e+03 
       5.709473443812e-02       9.584986573774e+03 
       5.773907170075e-02       9.455397532524e+03 
       5.849088404619e-02       9.307892797706e+03 
       5.930023942415e-02       9.152983311398e+03 
       6.017585864848e-02       8.989568889157e+03 
       6.112817769364e-02       8.816219727949e+03 
       6.216968095951e-02       8.631561723597e+03 
       6.331524047245e-02       8.433341101451e+03 
       6.458238934326e-02       8.219347646527e+03 
       6.599138387915e-02       7.986865405083e+03 
       6.756479405379e-02       7.732386392224e+03 
       6.932622395734e-02       7.452362284347e+03 
       7.129769645786e-02       7.144382022060e+03 
       7.349547063955e-02       6.805709486648e+03 
       7.592489827313e-02       6.436363893333e+03 
       7.857628759988e-02       6.039890600277e+03 
       8.142450436465e-02       5.623745752067e+03 
       8.443358255190e-02       5.199031911910e+03 
       8.756437297576e-02       4.778842654052e+03 
       9.078140903445e-02       4.376158162348e+03 
       9.405653100422e-02       4.001649144975e+03 
       9.736937157919e-02       3.662928704701e+03 
       1.007061068743e-01       3.364156285009e+03 
       1.040577385715e-01       3.106467492123e+03 
       1.074185641171e-01       2.888128638515e+03 
       1.107850297332e-01       2.705592735577e+03 
       1.141549435623e-01       2.553980198068e+03 
       1.175269622331e-01       2.427632699373e+03 
       1.209002654934e-01       2.320497822556e+03 
       1.242743535779e-01       2.226624578095e+03 
       1.276489223193e-01       2.140593854536e+03 
       1.310237866578e-01       2.057583799931e+03 
       1.343988339681e-01       1.974174854113e+03 
       1.377739956464e-01       1.887736263605e+03 
       1.411492298352e-01       1.797523953169e+03 
       1.445245109292e-01       1.703741524630e+03 
       1.478998232024e-01       1.607765744704e+03 
       1.512751569391e-01       1.511649768862e+03 
       1.546505060840e-01       1.417775639047e+03 
       1.580258668160e-01       1.328444770448e+03 
       1.614012366808e-01       1.245545184382e+03 
       1.647766140642e-01       1.170470262133e+03 
       1.681519978715e-01       1.103934991688e+03 
       1.715273873314e-01       1.046043568316e+03 
       1.749027818775e-01       9.963792746997e+02 
       1.782781810742e-01       9.540990516596e+02 
       1.816535845725e-01       9.180504749573e+02 
       1.850289920816e-01       8.869126838890e+02 
       1.884044033517e-01       8.593197626737e+02 
       1.917798181627e-01       8.339499322714e+02 
       1.951552363173e-01       8.097823738235e+02 
       1.985306576364e-01       7.856224024359e+02 
       2.019060819554e-01       7.607383862855e+02 
       2.052815091225e-01       7.347189277140e+02 
       2.086569389967e-01       7.075079527336e+02 
       2.120323714467e-01       6.793138335617e+02 
       2.154078063498e-01       6.505704022253e+02 
       2.187832435913e-01       6.218809893543e+02 
       2.221586830637e-01       5.938216966129e+02 
       2.255341246657e-01       5.669216542498e+02 
       2.289095683025e-01       5.416211076405e+02 
       2.322850138847e-01       5.182423787762e+02 
       2.356604613280e-01       4.969542098738e+02 
       2.390359105530e-01       4.778192392006e+02 
       2.424113614848e-01       4.607869642342e+02 
       2.457868140526e-01       4.456915124825e+02 
       2.491622681894e-01       4.322790215758e+02 
       2.525377238319e-01       4.202346038687e+02 
       2.559131809201e-01       4.092091268186e+02 
       2.592886393973e-01       3.988536806919e+02 
       2.626640992094e-01       3.888579749727e+02 
       2.660395603054e-01       3.789658467608e+02 
       2.694150226367e-01       3.689943340940e+02 
       2.727904861572e-01       3.588435923797e+02 
       2.761659508230e-01       3.484837647390e+02 
       2.795414165924e-01       3.379368971276e+02 
       2.829168834256e-01       3.272873220823e+02 
       2.862923512848e-01       3.166539145829e+02 
       2.896678201340e-01       3.061683316462e+02 
       2.930432899386e-01       2.959841246460e+02 
       2.964187606659e-01       2.862351262942e+02 
       2.997942322846e-01       2.770315276763e+02 
       3.031697047646e-01       2.684435556264e+02 
       3.065451780775e-01       2.605036523664e+02 
       3.099206521958e-01       2.531981032206e+02 
       3.132961270933e-01       2.464808611045e+02 
       3.166716027451e-01       2.402837165741e+02 
       3.200470791271e-01       2.345261675532e+02 
       3.234225562163e-01       2.291219546198e+02 
       3.267980339908e-01       2.239831556533e+02 
       3.301735124293e-01       2.190305641709e+02 
       3.335489915117e-01       2.141854029005e+02 
       3.369244712184e-01       2.093904541577e+02 
       3.402999515309e-01       2.046030978955e+02 
       3.436754324311e-01       1.998036256475e+02 
       3.470509139019e-01       1.949953606947e+02 
       3.504263959266e-01       1.901956860729e+02 
       3.538018784894e-01       1.854368052137e+02 
       3.571773615749e-01       1.807535938309e+02 
       3.605528451684e-01       1.761843040662e+02 
       3.639283292557e-01       1.717581354140e+02 
       3.673038138230e-01       1.675028323033e+02 
       3.706792988573e-01       1.634383088253e+02 
       3.740547843458e-01       1.595795133519e+02 
       3.774302702762e-01       1.559290258356e+02 
       3.808057566369e-01       1.524847130794e+02 
       3.841812434163e-01       1.492319368673e+02 
       3.875567306036e-01       1.461497319345e+02 
       3.909322181880e-01       1.432090336190e+02 
       3.943077061593e-01       1.403838097709e+02 
       3.976831945078e-01       1.376463953060e+02 
       4.010586832237e-01       1.349763742451e+02 
       4.044341722978e-01       1.323560329410e+02 
       4.078096617213e-01       1.297766427146e+02 
       4.111851514855e-01       1.272301699144e+02 
       4.145606415820e-01       1.247134029317e+02 
       4.179361320027e-01       1.222259984413e+02 
       4.213116227398e-01       1.197732643914e+02 
       4.246871137858e-01       1.173577411635e+02 
       4.280626051333e-01       1.149920014511e+02 
       4.314380967752e-01       1.126852462134e+02 
       4.348135887046e-01       1.104455109957e+02 
       4.381890809148e-01       1.082771013870e+02 
       4.415645733995e-01       1.061881203653e+02 
       4.449400661522e-01       1.041737742981e+02 
       4.483155591670e-01       1.022336150311e+02 
       4.516910524380e-01       1.003660854670e+02 
       4.550665459593e-01       9.856436527915e+01 
       4.584420397255e-01       9.682688792253e+01 
       4.618175337312e-01       9.514795142812e+01 
       4.651930279712e-01       9.352075547166e+01 
       4.685685224403e-01       9.193788596829e+01 
       4.719440171337e-01       9.039276274434e+01 
       4.753195120464e-01       8.887850349191e+01 
       4.786950071740e-01       8.739063233627e+01 
       4.820705025118e-01       8.592679498138e+01 
       4.854459980555e-01       8.448628917046e+01 
       4.888214938007e-01       8.307012973940e+01 
       4.921969897434e-01       8.167897406708e+01 
       4.955724858794e-01       8.031355915378e+01 
       4.989479822048e-01       7.897476801057e+01 
       5.023234787158e-01       7.766439251039e+01 
       5.056989754087e-01       7.638387127618e+01 
       5.090744722799e-01       7.513562548339e+01 
       5.124499693257e-01       7.392143400435e+01 
       5.158254665428e-01       7.274246348447e+01 
       5.192009639278e-01       7.159890572021e+01 
       5.225764614774e-01       7.048882918275e+01 
       5.259519591885e-01       6.940976009933e+01 
       5.293274570580e-01       6.835886063501e+01 
       5.327029550828e-01       6.733386078328e+01 
       5.360784532601e-01       6.633211960272e+01 
       5.394539515868e-01       6.535266278277e+01 
       5.428294500603e-01       6.439346430409e+01 
       5.462049486778e-01       6.345327420811e+01 
       5.495804474367e-01       6.253017038880e+01 
       5.529559463343e-01       6.162241831649e+01 
       5.563314453681e-01       6.072991900547e+01 
       5.597069445356e-01       5.985223696798e+01 
       5.630824438345e-01       5.898984910439e+01 
       5.664579432624e-01       5.814362644687e+01 
       5.698334428169e-01       5.731436977067e+01 
       5.732089424959e-01       5.650272913312e+01 
       5.765844422971e-01       5.570882895883e+01 
       5.799599422184e-01       5.493175074837e+01 
       5.833354422577e-01       5.417099090879e+01 
       5.867109424130e-01       5.342680409078e+01 
       5.900864426822e-01       5.269884301901e+01 
       5.934619430635e-01       5.198693499133e+01 
       5.968374435549e-01       5.129097655560e+01 
       6.002129441545e-01       5.061013904804e+01 
       6.035884448606e-01       4.994343320349e+01 
       6.069639456713e-01       4.928988451478e+01 
       6.103394465850e-01       4.864825813918e+01 
       6.137149475998e-01       4.801783360721e+01 
       6.170904487142e-01       4.739883021093e+01 
       6.204659499265e-01       4.679058094891e+01 
       6.238414512351e-01       4.619343696672e+01 
       6.272169526384e-01       4.560664933797e+01 
       6.305924541350e-01       4.503030021411e+01 
       6.339679557234e-01       4.446355245582e+01 
       6.373434574020e-01       4.390612917857e+01 
       6.407189591694e-01       4.335802897396e+01 
       6.440944610244e-01       4.281939502367e+01 
       6.474699629653e-01       4.229080167398e+01 
       6.508454649911e-01       4.177203999566e+01 
       6.542209671002e-01       4.126362166900e+01 
       6.575964692915e-01       4.076484485593e+01 
       6.609719715636e-01       4.027501206564e+01 
       6.643474739154e-01       3.979387610684e+01 
       6.677229763456e-01       3.932103313096e+01 
       6.710984788530e-01       3.885662180372e+01 
       6.744739814365e-01       3.840052234164e+01 
       6.778494840950e-01       3.795249875184e+01 
       6.812249868272e-01       3.751263828941e+01 
       6.846004896322e-01       3.707986862941e+01 
       6.879759925088e-01       3.665421156588e+01 
       6.913514954561e-01       3.623461473013e+01 
       6.947269984729e-01       3.582248304308e+01 
       6.981025015582e-01       3.541561552127e+01 
       7.014780047111e-01       3.501600871259e+01 
       7.048535079306e-01       3.462295260739e+01 
       7.082290112158e-01       3.423636414204e+01 
       7.116045145656e-01       3.385603715969e+01 
       7.149800179792e-01       3.348149714579e+01 
       7.183555214557e-01       3.311268322946e+01 
       7.217310249942e-01       3.274967382398e+01 
       7.251065285938e-01       3.239235565537e+01 
       7.284820322537e-01       3.204093695712e+01 
       7.318575359730e-01       3.169523337073e+01 
       7.352330397510e-01       3.135550421457e+01 
       7.386085435868e-01       3.102119039617e+01 
       7.419840474796e-01       3.069181593224e+01 
       7.453595514286e-01       3.036736916667e+01 
       7.487350554331e-01       3.004770567947e+01 
       7.521105594924e-01       2.973312231352e+01 
       7.554860636056e-01       2.942289094140e+01 
       7.588615677722e-01       2.911765972373e+01 
       7.622370719913e-01       2.881735513126e+01 
       7.656125762623e-01       2.852129743654e+01 
       7.689880805844e-01       2.822940005731e+01 
       7.723635849571e-01       2.794167347229e+01 
       7.757390893796e-01       2.765759905821e+01 
       7.791145938514e-01       2.737439995098e+01 
       7.824900983717e-01       2.710229245634e+01 
       7.858656029399e-01       2.683096280275e+01 
       7.892411075555e-01       2.656424325789e+01 
       8.615830572499e-01       2.164561654641e+01 
       9.657897800320e-01       1.658675782010e+01 
       1.130862537253e+00       1.147347464483e+01 
